1 1 1 -0.8476 0.0 0.0 0.0
2 1 2 0.4238 0.8164904 0.0 0.577359
3 1 2 0.4238 -0.8164904 0.0 0.577359
4 2 1 -0.8476 3.10342 0.0 0.0
5 2 2 0.4238 3.9199104 0.0 0.577359
6 2 2 0.4238 2.2869295999999997 0.0 0.577359
7 3 1 -0.8476 6.20684 0.0 0.0
8 3 2 0.4238 7.0233304 0.0 0.577359
9 3 2 0.4238 5.3903495999999995 0.0 0.577359
10 4 1 -0.8476 9.31026 0.0 0.0
11 4 2 0.4238 10.126750399999999 0.0 0.577359
12 4 2 0.4238 8.4937696 0.0 0.577359
13 5 1 -0.8476 0.0 3.10342 0.0
14 5 2 0.4238 0.8164904 3.10342 0.577359
15 5 2 0.4238 -0.8164904 3.10342 0.577359
16 6 1 -0.8476 3.10342 3.10342 0.0
17 6 2 0.4238 3.9199104 3.10342 0.577359
18 6 2 0.4238 2.2869295999999997 3.10342 0.577359
19 7 1 -0.8476 6.20684 3.10342 0.0
20 7 2 0.4238 7.0233304 3.10342 0.577359
21 7 2 0.4238 5.3903495999999995 3.10342 0.577359
22 8 1 -0.8476 9.31026 3.10342 0.0
23 8 2 0.4238 10.126750399999999 3.10342 0.577359
24 8 2 0.4238 8.4937696 3.10342 0.577359
25 9 1 -0.8476 0.0 6.20684 0.0
26 9 2 0.4238 0.8164904 6.20684 0.577359
27 9 2 0.4238 -0.8164904 6.20684 0.577359
28 10 1 -0.8476 3.10342 6.20684 0.0
29 10 2 0.4238 3.9199104 6.20684 0.577359
30 10 2 0.4238 2.2869295999999997 6.20684 0.577359
31 11 1 -0.8476 6.20684 6.20684 0.0
32 11 2 0.4238 7.0233304 6.20684 0.577359
33 11 2 0.4238 5.3903495999999995 6.20684 0.577359
34 12 1 -0.8476 9.31026 6.20684 0.0
35 12 2 0.4238 10.126750399999999 6.20684 0.577359
36 12 2 0.4238 8.4937696 6.20684 0.577359
37 13 1 -0.8476 0.0 9.31026 0.0
38 13 2 0.4238 0.8164904 9.31026 0.577359
39 13 2 0.4238 -0.8164904 9.31026 0.577359
40 14 1 -0.8476 3.10342 9.31026 0.0
41 14 2 0.4238 3.9199104 9.31026 0.577359
42 14 2 0.4238 2.2869295999999997 9.31026 0.577359
43 15 1 -0.8476 6.20684 9.31026 0.0
44 15 2 0.4238 7.0233304 9.31026 0.577359
45 15 2 0.4238 5.3903495999999995 9.31026 0.577359
46 16 1 -0.8476 9.31026 9.31026 0.0
47 16 2 0.4238 10.126750399999999 9.31026 0.577359
48 16 2 0.4238 8.4937696 9.31026 0.577359
49 17 1 -0.8476 0.0 12.41368 0.0
50 17 2 0.4238 0.8164904 12.41368 0.577359
51 17 2 0.4238 -0.8164904 12.41368 0.577359
52 18 1 -0.8476 3.10342 12.41368 0.0
53 18 2 0.4238 3.9199104 12.41368 0.577359
54 18 2 0.4238 2.2869295999999997 12.41368 0.577359
55 19 1 -0.8476 6.20684 12.41368 0.0
56 19 2 0.4238 7.0233304 12.41368 0.577359
57 19 2 0.4238 5.3903495999999995 12.41368 0.577359
58 20 1 -0.8476 9.31026 12.41368 0.0
59 20 2 0.4238 10.126750399999999 12.41368 0.577359
60 20 2 0.4238 8.4937696 12.41368 0.577359
61 21 1 -0.8476 0.0 15.5171 0.0
62 21 2 0.4238 0.8164904 15.5171 0.577359
63 21 2 0.4238 -0.8164904 15.5171 0.577359
64 22 1 -0.8476 3.10342 15.5171 0.0
65 22 2 0.4238 3.9199104 15.5171 0.577359
66 22 2 0.4238 2.2869295999999997 15.5171 0.577359
67 23 1 -0.8476 6.20684 15.5171 0.0
68 23 2 0.4238 7.0233304 15.5171 0.577359
69 23 2 0.4238 5.3903495999999995 15.5171 0.577359
70 24 1 -0.8476 9.31026 15.5171 0.0
71 24 2 0.4238 10.126750399999999 15.5171 0.577359
72 24 2 0.4238 8.4937696 15.5171 0.577359
73 25 1 -0.8476 0.0 18.62052 0.0
74 25 2 0.4238 0.8164904 18.62052 0.577359
75 25 2 0.4238 -0.8164904 18.62052 0.577359
76 26 1 -0.8476 3.10342 18.62052 0.0
77 26 2 0.4238 3.9199104 18.62052 0.577359
78 26 2 0.4238 2.2869295999999997 18.62052 0.577359
79 27 1 -0.8476 6.20684 18.62052 0.0
80 27 2 0.4238 7.0233304 18.62052 0.577359
81 27 2 0.4238 5.3903495999999995 18.62052 0.577359
82 28 1 -0.8476 9.31026 18.62052 0.0
83 28 2 0.4238 10.126750399999999 18.62052 0.577359
84 28 2 0.4238 8.4937696 18.62052 0.577359
85 29 1 -0.8476 0.0 21.72394 0.0
86 29 2 0.4238 0.8164904 21.72394 0.577359
87 29 2 0.4238 -0.8164904 21.72394 0.577359
88 30 1 -0.8476 3.10342 21.72394 0.0
89 30 2 0.4238 3.9199104 21.72394 0.577359
90 30 2 0.4238 2.2869295999999997 21.72394 0.577359
91 31 1 -0.8476 6.20684 21.72394 0.0
92 31 2 0.4238 7.0233304 21.72394 0.577359
93 31 2 0.4238 5.3903495999999995 21.72394 0.577359
94 32 1 -0.8476 9.31026 21.72394 0.0
95 32 2 0.4238 10.126750399999999 21.72394 0.577359
96 32 2 0.4238 8.4937696 21.72394 0.577359
97 33 1 -0.8476 0.0 0.0 3.10342
98 33 2 0.4238 0.8164904 0.0 3.680779
99 33 2 0.4238 -0.8164904 0.0 3.680779
100 34 1 -0.8476 3.10342 0.0 3.10342
101 34 2 0.4238 3.9199104 0.0 3.680779
102 34 2 0.4238 2.2869295999999997 0.0 3.680779
103 35 1 -0.8476 6.20684 0.0 3.10342
104 35 2 0.4238 7.0233304 0.0 3.680779
105 35 2 0.4238 5.3903495999999995 0.0 3.680779
106 36 1 -0.8476 9.31026 0.0 3.10342
107 36 2 0.4238 10.126750399999999 0.0 3.680779
108 36 2 0.4238 8.4937696 0.0 3.680779
109 37 1 -0.8476 0.0 3.10342 3.10342
110 37 2 0.4238 0.8164904 3.10342 3.680779
111 37 2 0.4238 -0.8164904 3.10342 3.680779
112 38 1 -0.8476 3.10342 3.10342 3.10342
113 38 2 0.4238 3.9199104 3.10342 3.680779
114 38 2 0.4238 2.2869295999999997 3.10342 3.680779
115 39 1 -0.8476 6.20684 3.10342 3.10342
116 39 2 0.4238 7.0233304 3.10342 3.680779
117 39 2 0.4238 5.3903495999999995 3.10342 3.680779
118 40 1 -0.8476 9.31026 3.10342 3.10342
119 40 2 0.4238 10.126750399999999 3.10342 3.680779
120 40 2 0.4238 8.4937696 3.10342 3.680779
121 41 1 -0.8476 0.0 6.20684 3.10342
122 41 2 0.4238 0.8164904 6.20684 3.680779
123 41 2 0.4238 -0.8164904 6.20684 3.680779
124 42 1 -0.8476 3.10342 6.20684 3.10342
125 42 2 0.4238 3.9199104 6.20684 3.680779
126 42 2 0.4238 2.2869295999999997 6.20684 3.680779
127 43 1 -0.8476 6.20684 6.20684 3.10342
128 43 2 0.4238 7.0233304 6.20684 3.680779
129 43 2 0.4238 5.3903495999999995 6.20684 3.680779
130 44 1 -0.8476 9.31026 6.20684 3.10342
131 44 2 0.4238 10.126750399999999 6.20684 3.680779
132 44 2 0.4238 8.4937696 6.20684 3.680779
133 45 1 -0.8476 0.0 9.31026 3.10342
134 45 2 0.4238 0.8164904 9.31026 3.680779
135 45 2 0.4238 -0.8164904 9.31026 3.680779
136 46 1 -0.8476 3.10342 9.31026 3.10342
137 46 2 0.4238 3.9199104 9.31026 3.680779
138 46 2 0.4238 2.2869295999999997 9.31026 3.680779
139 47 1 -0.8476 6.20684 9.31026 3.10342
140 47 2 0.4238 7.0233304 9.31026 3.680779
141 47 2 0.4238 5.3903495999999995 9.31026 3.680779
142 48 1 -0.8476 9.31026 9.31026 3.10342
143 48 2 0.4238 10.126750399999999 9.31026 3.680779
144 48 2 0.4238 8.4937696 9.31026 3.680779
145 49 1 -0.8476 0.0 12.41368 3.10342
146 49 2 0.4238 0.8164904 12.41368 3.680779
147 49 2 0.4238 -0.8164904 12.41368 3.680779
148 50 1 -0.8476 3.10342 12.41368 3.10342
149 50 2 0.4238 3.9199104 12.41368 3.680779
150 50 2 0.4238 2.2869295999999997 12.41368 3.680779
151 51 1 -0.8476 6.20684 12.41368 3.10342
152 51 2 0.4238 7.0233304 12.41368 3.680779
153 51 2 0.4238 5.3903495999999995 12.41368 3.680779
154 52 1 -0.8476 9.31026 12.41368 3.10342
155 52 2 0.4238 10.126750399999999 12.41368 3.680779
156 52 2 0.4238 8.4937696 12.41368 3.680779
157 53 1 -0.8476 0.0 15.5171 3.10342
158 53 2 0.4238 0.8164904 15.5171 3.680779
159 53 2 0.4238 -0.8164904 15.5171 3.680779
160 54 1 -0.8476 3.10342 15.5171 3.10342
161 54 2 0.4238 3.9199104 15.5171 3.680779
162 54 2 0.4238 2.2869295999999997 15.5171 3.680779
163 55 1 -0.8476 6.20684 15.5171 3.10342
164 55 2 0.4238 7.0233304 15.5171 3.680779
165 55 2 0.4238 5.3903495999999995 15.5171 3.680779
166 56 1 -0.8476 9.31026 15.5171 3.10342
167 56 2 0.4238 10.126750399999999 15.5171 3.680779
168 56 2 0.4238 8.4937696 15.5171 3.680779
169 57 1 -0.8476 0.0 18.62052 3.10342
170 57 2 0.4238 0.8164904 18.62052 3.680779
171 57 2 0.4238 -0.8164904 18.62052 3.680779
172 58 1 -0.8476 3.10342 18.62052 3.10342
173 58 2 0.4238 3.9199104 18.62052 3.680779
174 58 2 0.4238 2.2869295999999997 18.62052 3.680779
175 59 1 -0.8476 6.20684 18.62052 3.10342
176 59 2 0.4238 7.0233304 18.62052 3.680779
177 59 2 0.4238 5.3903495999999995 18.62052 3.680779
178 60 1 -0.8476 9.31026 18.62052 3.10342
179 60 2 0.4238 10.126750399999999 18.62052 3.680779
180 60 2 0.4238 8.4937696 18.62052 3.680779
181 61 1 -0.8476 0.0 21.72394 3.10342
182 61 2 0.4238 0.8164904 21.72394 3.680779
183 61 2 0.4238 -0.8164904 21.72394 3.680779
184 62 1 -0.8476 3.10342 21.72394 3.10342
185 62 2 0.4238 3.9199104 21.72394 3.680779
186 62 2 0.4238 2.2869295999999997 21.72394 3.680779
187 63 1 -0.8476 6.20684 21.72394 3.10342
188 63 2 0.4238 7.0233304 21.72394 3.680779
189 63 2 0.4238 5.3903495999999995 21.72394 3.680779
190 64 1 -0.8476 9.31026 21.72394 3.10342
191 64 2 0.4238 10.126750399999999 21.72394 3.680779
192 64 2 0.4238 8.4937696 21.72394 3.680779
193 65 1 -0.8476 0.0 0.0 6.20684
194 65 2 0.4238 0.8164904 0.0 6.784198999999999
195 65 2 0.4238 -0.8164904 0.0 6.784198999999999
196 66 1 -0.8476 3.10342 0.0 6.20684
197 66 2 0.4238 3.9199104 0.0 6.784198999999999
198 66 2 0.4238 2.2869295999999997 0.0 6.784198999999999
199 67 1 -0.8476 6.20684 0.0 6.20684
200 67 2 0.4238 7.0233304 0.0 6.784198999999999
201 67 2 0.4238 5.3903495999999995 0.0 6.784198999999999
202 68 1 -0.8476 9.31026 0.0 6.20684
203 68 2 0.4238 10.126750399999999 0.0 6.784198999999999
204 68 2 0.4238 8.4937696 0.0 6.784198999999999
205 69 1 -0.8476 0.0 3.10342 6.20684
206 69 2 0.4238 0.8164904 3.10342 6.784198999999999
207 69 2 0.4238 -0.8164904 3.10342 6.784198999999999
208 70 1 -0.8476 3.10342 3.10342 6.20684
209 70 2 0.4238 3.9199104 3.10342 6.784198999999999
210 70 2 0.4238 2.2869295999999997 3.10342 6.784198999999999
211 71 1 -0.8476 6.20684 3.10342 6.20684
212 71 2 0.4238 7.0233304 3.10342 6.784198999999999
213 71 2 0.4238 5.3903495999999995 3.10342 6.784198999999999
214 72 1 -0.8476 9.31026 3.10342 6.20684
215 72 2 0.4238 10.126750399999999 3.10342 6.784198999999999
216 72 2 0.4238 8.4937696 3.10342 6.784198999999999
217 73 1 -0.8476 0.0 6.20684 6.20684
218 73 2 0.4238 0.8164904 6.20684 6.784198999999999
219 73 2 0.4238 -0.8164904 6.20684 6.784198999999999
220 74 1 -0.8476 3.10342 6.20684 6.20684
221 74 2 0.4238 3.9199104 6.20684 6.784198999999999
222 74 2 0.4238 2.2869295999999997 6.20684 6.784198999999999
223 75 1 -0.8476 6.20684 6.20684 6.20684
224 75 2 0.4238 7.0233304 6.20684 6.784198999999999
225 75 2 0.4238 5.3903495999999995 6.20684 6.784198999999999
226 76 1 -0.8476 9.31026 6.20684 6.20684
227 76 2 0.4238 10.126750399999999 6.20684 6.784198999999999
228 76 2 0.4238 8.4937696 6.20684 6.784198999999999
229 77 1 -0.8476 0.0 9.31026 6.20684
230 77 2 0.4238 0.8164904 9.31026 6.784198999999999
231 77 2 0.4238 -0.8164904 9.31026 6.784198999999999
232 78 1 -0.8476 3.10342 9.31026 6.20684
233 78 2 0.4238 3.9199104 9.31026 6.784198999999999
234 78 2 0.4238 2.2869295999999997 9.31026 6.784198999999999
235 79 1 -0.8476 6.20684 9.31026 6.20684
236 79 2 0.4238 7.0233304 9.31026 6.784198999999999
237 79 2 0.4238 5.3903495999999995 9.31026 6.784198999999999
238 80 1 -0.8476 9.31026 9.31026 6.20684
239 80 2 0.4238 10.126750399999999 9.31026 6.784198999999999
240 80 2 0.4238 8.4937696 9.31026 6.784198999999999
241 81 1 -0.8476 0.0 12.41368 6.20684
242 81 2 0.4238 0.8164904 12.41368 6.784198999999999
243 81 2 0.4238 -0.8164904 12.41368 6.784198999999999
244 82 1 -0.8476 3.10342 12.41368 6.20684
245 82 2 0.4238 3.9199104 12.41368 6.784198999999999
246 82 2 0.4238 2.2869295999999997 12.41368 6.784198999999999
247 83 1 -0.8476 6.20684 12.41368 6.20684
248 83 2 0.4238 7.0233304 12.41368 6.784198999999999
249 83 2 0.4238 5.3903495999999995 12.41368 6.784198999999999
250 84 1 -0.8476 9.31026 12.41368 6.20684
251 84 2 0.4238 10.126750399999999 12.41368 6.784198999999999
252 84 2 0.4238 8.4937696 12.41368 6.784198999999999
253 85 1 -0.8476 0.0 15.5171 6.20684
254 85 2 0.4238 0.8164904 15.5171 6.784198999999999
255 85 2 0.4238 -0.8164904 15.5171 6.784198999999999
256 86 1 -0.8476 3.10342 15.5171 6.20684
257 86 2 0.4238 3.9199104 15.5171 6.784198999999999
258 86 2 0.4238 2.2869295999999997 15.5171 6.784198999999999
259 87 1 -0.8476 6.20684 15.5171 6.20684
260 87 2 0.4238 7.0233304 15.5171 6.784198999999999
261 87 2 0.4238 5.3903495999999995 15.5171 6.784198999999999
262 88 1 -0.8476 9.31026 15.5171 6.20684
263 88 2 0.4238 10.126750399999999 15.5171 6.784198999999999
264 88 2 0.4238 8.4937696 15.5171 6.784198999999999
265 89 1 -0.8476 0.0 18.62052 6.20684
266 89 2 0.4238 0.8164904 18.62052 6.784198999999999
267 89 2 0.4238 -0.8164904 18.62052 6.784198999999999
268 90 1 -0.8476 3.10342 18.62052 6.20684
269 90 2 0.4238 3.9199104 18.62052 6.784198999999999
270 90 2 0.4238 2.2869295999999997 18.62052 6.784198999999999
271 91 1 -0.8476 6.20684 18.62052 6.20684
272 91 2 0.4238 7.0233304 18.62052 6.784198999999999
273 91 2 0.4238 5.3903495999999995 18.62052 6.784198999999999
274 92 1 -0.8476 9.31026 18.62052 6.20684
275 92 2 0.4238 10.126750399999999 18.62052 6.784198999999999
276 92 2 0.4238 8.4937696 18.62052 6.784198999999999
277 93 1 -0.8476 0.0 21.72394 6.20684
278 93 2 0.4238 0.8164904 21.72394 6.784198999999999
279 93 2 0.4238 -0.8164904 21.72394 6.784198999999999
280 94 1 -0.8476 3.10342 21.72394 6.20684
281 94 2 0.4238 3.9199104 21.72394 6.784198999999999
282 94 2 0.4238 2.2869295999999997 21.72394 6.784198999999999
283 95 1 -0.8476 6.20684 21.72394 6.20684
284 95 2 0.4238 7.0233304 21.72394 6.784198999999999
285 95 2 0.4238 5.3903495999999995 21.72394 6.784198999999999
286 96 1 -0.8476 9.31026 21.72394 6.20684
287 96 2 0.4238 10.126750399999999 21.72394 6.784198999999999
288 96 2 0.4238 8.4937696 21.72394 6.784198999999999
289 97 1 -0.8476 0.0 0.0 9.31026
290 97 2 0.4238 0.8164904 0.0 9.887618999999999
291 97 2 0.4238 -0.8164904 0.0 9.887618999999999
292 98 1 -0.8476 3.10342 0.0 9.31026
293 98 2 0.4238 3.9199104 0.0 9.887618999999999
294 98 2 0.4238 2.2869295999999997 0.0 9.887618999999999
295 99 1 -0.8476 6.20684 0.0 9.31026
296 99 2 0.4238 7.0233304 0.0 9.887618999999999
297 99 2 0.4238 5.3903495999999995 0.0 9.887618999999999
298 100 1 -0.8476 9.31026 0.0 9.31026
299 100 2 0.4238 10.126750399999999 0.0 9.887618999999999
300 100 2 0.4238 8.4937696 0.0 9.887618999999999
301 101 1 -0.8476 0.0 3.10342 9.31026
302 101 2 0.4238 0.8164904 3.10342 9.887618999999999
303 101 2 0.4238 -0.8164904 3.10342 9.887618999999999
304 102 1 -0.8476 3.10342 3.10342 9.31026
305 102 2 0.4238 3.9199104 3.10342 9.887618999999999
306 102 2 0.4238 2.2869295999999997 3.10342 9.887618999999999
307 103 1 -0.8476 6.20684 3.10342 9.31026
308 103 2 0.4238 7.0233304 3.10342 9.887618999999999
309 103 2 0.4238 5.3903495999999995 3.10342 9.887618999999999
310 104 1 -0.8476 9.31026 3.10342 9.31026
311 104 2 0.4238 10.126750399999999 3.10342 9.887618999999999
312 104 2 0.4238 8.4937696 3.10342 9.887618999999999
313 105 1 -0.8476 0.0 6.20684 9.31026
314 105 2 0.4238 0.8164904 6.20684 9.887618999999999
315 105 2 0.4238 -0.8164904 6.20684 9.887618999999999
316 106 1 -0.8476 3.10342 6.20684 9.31026
317 106 2 0.4238 3.9199104 6.20684 9.887618999999999
318 106 2 0.4238 2.2869295999999997 6.20684 9.887618999999999
319 107 1 -0.8476 6.20684 6.20684 9.31026
320 107 2 0.4238 7.0233304 6.20684 9.887618999999999
321 107 2 0.4238 5.3903495999999995 6.20684 9.887618999999999
322 108 1 -0.8476 9.31026 6.20684 9.31026
323 108 2 0.4238 10.126750399999999 6.20684 9.887618999999999
324 108 2 0.4238 8.4937696 6.20684 9.887618999999999
325 109 1 -0.8476 0.0 9.31026 9.31026
326 109 2 0.4238 0.8164904 9.31026 9.887618999999999
327 109 2 0.4238 -0.8164904 9.31026 9.887618999999999
328 110 1 -0.8476 3.10342 9.31026 9.31026
329 110 2 0.4238 3.9199104 9.31026 9.887618999999999
330 110 2 0.4238 2.2869295999999997 9.31026 9.887618999999999
331 111 1 -0.8476 6.20684 9.31026 9.31026
332 111 2 0.4238 7.0233304 9.31026 9.887618999999999
333 111 2 0.4238 5.3903495999999995 9.31026 9.887618999999999
334 112 1 -0.8476 9.31026 9.31026 9.31026
335 112 2 0.4238 10.126750399999999 9.31026 9.887618999999999
336 112 2 0.4238 8.4937696 9.31026 9.887618999999999
337 113 1 -0.8476 0.0 12.41368 9.31026
338 113 2 0.4238 0.8164904 12.41368 9.887618999999999
339 113 2 0.4238 -0.8164904 12.41368 9.887618999999999
340 114 1 -0.8476 3.10342 12.41368 9.31026
341 114 2 0.4238 3.9199104 12.41368 9.887618999999999
342 114 2 0.4238 2.2869295999999997 12.41368 9.887618999999999
343 115 1 -0.8476 6.20684 12.41368 9.31026
344 115 2 0.4238 7.0233304 12.41368 9.887618999999999
345 115 2 0.4238 5.3903495999999995 12.41368 9.887618999999999
346 116 1 -0.8476 9.31026 12.41368 9.31026
347 116 2 0.4238 10.126750399999999 12.41368 9.887618999999999
348 116 2 0.4238 8.4937696 12.41368 9.887618999999999
349 117 1 -0.8476 0.0 15.5171 9.31026
350 117 2 0.4238 0.8164904 15.5171 9.887618999999999
351 117 2 0.4238 -0.8164904 15.5171 9.887618999999999
352 118 1 -0.8476 3.10342 15.5171 9.31026
353 118 2 0.4238 3.9199104 15.5171 9.887618999999999
354 118 2 0.4238 2.2869295999999997 15.5171 9.887618999999999
355 119 1 -0.8476 6.20684 15.5171 9.31026
356 119 2 0.4238 7.0233304 15.5171 9.887618999999999
357 119 2 0.4238 5.3903495999999995 15.5171 9.887618999999999
358 120 1 -0.8476 9.31026 15.5171 9.31026
359 120 2 0.4238 10.126750399999999 15.5171 9.887618999999999
360 120 2 0.4238 8.4937696 15.5171 9.887618999999999
361 121 1 -0.8476 0.0 18.62052 9.31026
362 121 2 0.4238 0.8164904 18.62052 9.887618999999999
363 121 2 0.4238 -0.8164904 18.62052 9.887618999999999
364 122 1 -0.8476 3.10342 18.62052 9.31026
365 122 2 0.4238 3.9199104 18.62052 9.887618999999999
366 122 2 0.4238 2.2869295999999997 18.62052 9.887618999999999
367 123 1 -0.8476 6.20684 18.62052 9.31026
368 123 2 0.4238 7.0233304 18.62052 9.887618999999999
369 123 2 0.4238 5.3903495999999995 18.62052 9.887618999999999
370 124 1 -0.8476 9.31026 18.62052 9.31026
371 124 2 0.4238 10.126750399999999 18.62052 9.887618999999999
372 124 2 0.4238 8.4937696 18.62052 9.887618999999999
373 125 1 -0.8476 0.0 21.72394 9.31026
374 125 2 0.4238 0.8164904 21.72394 9.887618999999999
375 125 2 0.4238 -0.8164904 21.72394 9.887618999999999
376 126 1 -0.8476 3.10342 21.72394 9.31026
377 126 2 0.4238 3.9199104 21.72394 9.887618999999999
378 126 2 0.4238 2.2869295999999997 21.72394 9.887618999999999
379 127 1 -0.8476 6.20684 21.72394 9.31026
380 127 2 0.4238 7.0233304 21.72394 9.887618999999999
381 127 2 0.4238 5.3903495999999995 21.72394 9.887618999999999
382 128 1 -0.8476 9.31026 21.72394 9.31026
383 128 2 0.4238 10.126750399999999 21.72394 9.887618999999999
384 128 2 0.4238 8.4937696 21.72394 9.887618999999999
385 129 1 -0.8476 0.0 0.0 12.41368
386 129 2 0.4238 0.8164904 0.0 12.991038999999999
387 129 2 0.4238 -0.8164904 0.0 12.991038999999999
388 130 1 -0.8476 3.10342 0.0 12.41368
389 130 2 0.4238 3.9199104 0.0 12.991038999999999
390 130 2 0.4238 2.2869295999999997 0.0 12.991038999999999
391 131 1 -0.8476 6.20684 0.0 12.41368
392 131 2 0.4238 7.0233304 0.0 12.991038999999999
393 131 2 0.4238 5.3903495999999995 0.0 12.991038999999999
394 132 1 -0.8476 9.31026 0.0 12.41368
395 132 2 0.4238 10.126750399999999 0.0 12.991038999999999
396 132 2 0.4238 8.4937696 0.0 12.991038999999999
397 133 1 -0.8476 0.0 3.10342 12.41368
398 133 2 0.4238 0.8164904 3.10342 12.991038999999999
399 133 2 0.4238 -0.8164904 3.10342 12.991038999999999
400 134 1 -0.8476 3.10342 3.10342 12.41368
401 134 2 0.4238 3.9199104 3.10342 12.991038999999999
402 134 2 0.4238 2.2869295999999997 3.10342 12.991038999999999
403 135 1 -0.8476 6.20684 3.10342 12.41368
404 135 2 0.4238 7.0233304 3.10342 12.991038999999999
405 135 2 0.4238 5.3903495999999995 3.10342 12.991038999999999
406 136 1 -0.8476 9.31026 3.10342 12.41368
407 136 2 0.4238 10.126750399999999 3.10342 12.991038999999999
408 136 2 0.4238 8.4937696 3.10342 12.991038999999999
409 137 1 -0.8476 0.0 6.20684 12.41368
410 137 2 0.4238 0.8164904 6.20684 12.991038999999999
411 137 2 0.4238 -0.8164904 6.20684 12.991038999999999
412 138 1 -0.8476 3.10342 6.20684 12.41368
413 138 2 0.4238 3.9199104 6.20684 12.991038999999999
414 138 2 0.4238 2.2869295999999997 6.20684 12.991038999999999
415 139 1 -0.8476 6.20684 6.20684 12.41368
416 139 2 0.4238 7.0233304 6.20684 12.991038999999999
417 139 2 0.4238 5.3903495999999995 6.20684 12.991038999999999
418 140 1 -0.8476 9.31026 6.20684 12.41368
419 140 2 0.4238 10.126750399999999 6.20684 12.991038999999999
420 140 2 0.4238 8.4937696 6.20684 12.991038999999999
421 141 1 -0.8476 0.0 9.31026 12.41368
422 141 2 0.4238 0.8164904 9.31026 12.991038999999999
423 141 2 0.4238 -0.8164904 9.31026 12.991038999999999
424 142 1 -0.8476 3.10342 9.31026 12.41368
425 142 2 0.4238 3.9199104 9.31026 12.991038999999999
426 142 2 0.4238 2.2869295999999997 9.31026 12.991038999999999
427 143 1 -0.8476 6.20684 9.31026 12.41368
428 143 2 0.4238 7.0233304 9.31026 12.991038999999999
429 143 2 0.4238 5.3903495999999995 9.31026 12.991038999999999
430 144 1 -0.8476 9.31026 9.31026 12.41368
431 144 2 0.4238 10.126750399999999 9.31026 12.991038999999999
432 144 2 0.4238 8.4937696 9.31026 12.991038999999999
433 145 1 -0.8476 0.0 12.41368 12.41368
434 145 2 0.4238 0.8164904 12.41368 12.991038999999999
435 145 2 0.4238 -0.8164904 12.41368 12.991038999999999
436 146 1 -0.8476 3.10342 12.41368 12.41368
437 146 2 0.4238 3.9199104 12.41368 12.991038999999999
438 146 2 0.4238 2.2869295999999997 12.41368 12.991038999999999
439 147 1 -0.8476 6.20684 12.41368 12.41368
440 147 2 0.4238 7.0233304 12.41368 12.991038999999999
441 147 2 0.4238 5.3903495999999995 12.41368 12.991038999999999
442 148 1 -0.8476 9.31026 12.41368 12.41368
443 148 2 0.4238 10.126750399999999 12.41368 12.991038999999999
444 148 2 0.4238 8.4937696 12.41368 12.991038999999999
445 149 1 -0.8476 0.0 15.5171 12.41368
446 149 2 0.4238 0.8164904 15.5171 12.991038999999999
447 149 2 0.4238 -0.8164904 15.5171 12.991038999999999
448 150 1 -0.8476 3.10342 15.5171 12.41368
449 150 2 0.4238 3.9199104 15.5171 12.991038999999999
450 150 2 0.4238 2.2869295999999997 15.5171 12.991038999999999
451 151 1 -0.8476 6.20684 15.5171 12.41368
452 151 2 0.4238 7.0233304 15.5171 12.991038999999999
453 151 2 0.4238 5.3903495999999995 15.5171 12.991038999999999
454 152 1 -0.8476 9.31026 15.5171 12.41368
455 152 2 0.4238 10.126750399999999 15.5171 12.991038999999999
456 152 2 0.4238 8.4937696 15.5171 12.991038999999999
457 153 1 -0.8476 0.0 18.62052 12.41368
458 153 2 0.4238 0.8164904 18.62052 12.991038999999999
459 153 2 0.4238 -0.8164904 18.62052 12.991038999999999
460 154 1 -0.8476 3.10342 18.62052 12.41368
461 154 2 0.4238 3.9199104 18.62052 12.991038999999999
462 154 2 0.4238 2.2869295999999997 18.62052 12.991038999999999
463 155 1 -0.8476 6.20684 18.62052 12.41368
464 155 2 0.4238 7.0233304 18.62052 12.991038999999999
465 155 2 0.4238 5.3903495999999995 18.62052 12.991038999999999
466 156 1 -0.8476 9.31026 18.62052 12.41368
467 156 2 0.4238 10.126750399999999 18.62052 12.991038999999999
468 156 2 0.4238 8.4937696 18.62052 12.991038999999999
469 157 1 -0.8476 0.0 21.72394 12.41368
470 157 2 0.4238 0.8164904 21.72394 12.991038999999999
471 157 2 0.4238 -0.8164904 21.72394 12.991038999999999
472 158 1 -0.8476 3.10342 21.72394 12.41368
473 158 2 0.4238 3.9199104 21.72394 12.991038999999999
474 158 2 0.4238 2.2869295999999997 21.72394 12.991038999999999
475 159 1 -0.8476 6.20684 21.72394 12.41368
476 159 2 0.4238 7.0233304 21.72394 12.991038999999999
477 159 2 0.4238 5.3903495999999995 21.72394 12.991038999999999
478 160 1 -0.8476 9.31026 21.72394 12.41368
479 160 2 0.4238 10.126750399999999 21.72394 12.991038999999999
480 160 2 0.4238 8.4937696 21.72394 12.991038999999999
481 161 1 -0.8476 0.0 0.0 15.5171
482 161 2 0.4238 0.8164904 0.0 16.094459
483 161 2 0.4238 -0.8164904 0.0 16.094459
484 162 1 -0.8476 3.10342 0.0 15.5171
485 162 2 0.4238 3.9199104 0.0 16.094459
486 162 2 0.4238 2.2869295999999997 0.0 16.094459
487 163 1 -0.8476 6.20684 0.0 15.5171
488 163 2 0.4238 7.0233304 0.0 16.094459
489 163 2 0.4238 5.3903495999999995 0.0 16.094459
490 164 1 -0.8476 9.31026 0.0 15.5171
491 164 2 0.4238 10.126750399999999 0.0 16.094459
492 164 2 0.4238 8.4937696 0.0 16.094459
493 165 1 -0.8476 0.0 3.10342 15.5171
494 165 2 0.4238 0.8164904 3.10342 16.094459
495 165 2 0.4238 -0.8164904 3.10342 16.094459
496 166 1 -0.8476 3.10342 3.10342 15.5171
497 166 2 0.4238 3.9199104 3.10342 16.094459
498 166 2 0.4238 2.2869295999999997 3.10342 16.094459
499 167 1 -0.8476 6.20684 3.10342 15.5171
500 167 2 0.4238 7.0233304 3.10342 16.094459
501 167 2 0.4238 5.3903495999999995 3.10342 16.094459
502 168 1 -0.8476 9.31026 3.10342 15.5171
503 168 2 0.4238 10.126750399999999 3.10342 16.094459
504 168 2 0.4238 8.4937696 3.10342 16.094459
505 169 1 -0.8476 0.0 6.20684 15.5171
506 169 2 0.4238 0.8164904 6.20684 16.094459
507 169 2 0.4238 -0.8164904 6.20684 16.094459
508 170 1 -0.8476 3.10342 6.20684 15.5171
509 170 2 0.4238 3.9199104 6.20684 16.094459
510 170 2 0.4238 2.2869295999999997 6.20684 16.094459
511 171 1 -0.8476 6.20684 6.20684 15.5171
512 171 2 0.4238 7.0233304 6.20684 16.094459
513 171 2 0.4238 5.3903495999999995 6.20684 16.094459
514 172 1 -0.8476 9.31026 6.20684 15.5171
515 172 2 0.4238 10.126750399999999 6.20684 16.094459
516 172 2 0.4238 8.4937696 6.20684 16.094459
517 173 1 -0.8476 0.0 9.31026 15.5171
518 173 2 0.4238 0.8164904 9.31026 16.094459
519 173 2 0.4238 -0.8164904 9.31026 16.094459
520 174 1 -0.8476 3.10342 9.31026 15.5171
521 174 2 0.4238 3.9199104 9.31026 16.094459
522 174 2 0.4238 2.2869295999999997 9.31026 16.094459
523 175 1 -0.8476 6.20684 9.31026 15.5171
524 175 2 0.4238 7.0233304 9.31026 16.094459
525 175 2 0.4238 5.3903495999999995 9.31026 16.094459
526 176 1 -0.8476 9.31026 9.31026 15.5171
527 176 2 0.4238 10.126750399999999 9.31026 16.094459
528 176 2 0.4238 8.4937696 9.31026 16.094459
529 177 1 -0.8476 0.0 12.41368 15.5171
530 177 2 0.4238 0.8164904 12.41368 16.094459
531 177 2 0.4238 -0.8164904 12.41368 16.094459
532 178 1 -0.8476 3.10342 12.41368 15.5171
533 178 2 0.4238 3.9199104 12.41368 16.094459
534 178 2 0.4238 2.2869295999999997 12.41368 16.094459
535 179 1 -0.8476 6.20684 12.41368 15.5171
536 179 2 0.4238 7.0233304 12.41368 16.094459
537 179 2 0.4238 5.3903495999999995 12.41368 16.094459
538 180 1 -0.8476 9.31026 12.41368 15.5171
539 180 2 0.4238 10.126750399999999 12.41368 16.094459
540 180 2 0.4238 8.4937696 12.41368 16.094459
541 181 1 -0.8476 0.0 15.5171 15.5171
542 181 2 0.4238 0.8164904 15.5171 16.094459
543 181 2 0.4238 -0.8164904 15.5171 16.094459
544 182 1 -0.8476 3.10342 15.5171 15.5171
545 182 2 0.4238 3.9199104 15.5171 16.094459
546 182 2 0.4238 2.2869295999999997 15.5171 16.094459
547 183 1 -0.8476 6.20684 15.5171 15.5171
548 183 2 0.4238 7.0233304 15.5171 16.094459
549 183 2 0.4238 5.3903495999999995 15.5171 16.094459
550 184 1 -0.8476 9.31026 15.5171 15.5171
551 184 2 0.4238 10.126750399999999 15.5171 16.094459
552 184 2 0.4238 8.4937696 15.5171 16.094459
553 185 1 -0.8476 0.0 18.62052 15.5171
554 185 2 0.4238 0.8164904 18.62052 16.094459
555 185 2 0.4238 -0.8164904 18.62052 16.094459
556 186 1 -0.8476 3.10342 18.62052 15.5171
557 186 2 0.4238 3.9199104 18.62052 16.094459
558 186 2 0.4238 2.2869295999999997 18.62052 16.094459
559 187 1 -0.8476 6.20684 18.62052 15.5171
560 187 2 0.4238 7.0233304 18.62052 16.094459
561 187 2 0.4238 5.3903495999999995 18.62052 16.094459
562 188 1 -0.8476 9.31026 18.62052 15.5171
563 188 2 0.4238 10.126750399999999 18.62052 16.094459
564 188 2 0.4238 8.4937696 18.62052 16.094459
565 189 1 -0.8476 0.0 21.72394 15.5171
566 189 2 0.4238 0.8164904 21.72394 16.094459
567 189 2 0.4238 -0.8164904 21.72394 16.094459
568 190 1 -0.8476 3.10342 21.72394 15.5171
569 190 2 0.4238 3.9199104 21.72394 16.094459
570 190 2 0.4238 2.2869295999999997 21.72394 16.094459
571 191 1 -0.8476 6.20684 21.72394 15.5171
572 191 2 0.4238 7.0233304 21.72394 16.094459
573 191 2 0.4238 5.3903495999999995 21.72394 16.094459
574 192 1 -0.8476 9.31026 21.72394 15.5171
575 192 2 0.4238 10.126750399999999 21.72394 16.094459
576 192 2 0.4238 8.4937696 21.72394 16.094459
577 193 1 -0.8476 0.0 0.0 18.62052
578 193 2 0.4238 0.8164904 0.0 19.197879
579 193 2 0.4238 -0.8164904 0.0 19.197879
580 194 1 -0.8476 3.10342 0.0 18.62052
581 194 2 0.4238 3.9199104 0.0 19.197879
582 194 2 0.4238 2.2869295999999997 0.0 19.197879
583 195 1 -0.8476 6.20684 0.0 18.62052
584 195 2 0.4238 7.0233304 0.0 19.197879
585 195 2 0.4238 5.3903495999999995 0.0 19.197879
586 196 1 -0.8476 9.31026 0.0 18.62052
587 196 2 0.4238 10.126750399999999 0.0 19.197879
588 196 2 0.4238 8.4937696 0.0 19.197879
589 197 1 -0.8476 0.0 3.10342 18.62052
590 197 2 0.4238 0.8164904 3.10342 19.197879
591 197 2 0.4238 -0.8164904 3.10342 19.197879
592 198 1 -0.8476 3.10342 3.10342 18.62052
593 198 2 0.4238 3.9199104 3.10342 19.197879
594 198 2 0.4238 2.2869295999999997 3.10342 19.197879
595 199 1 -0.8476 6.20684 3.10342 18.62052
596 199 2 0.4238 7.0233304 3.10342 19.197879
597 199 2 0.4238 5.3903495999999995 3.10342 19.197879
598 200 1 -0.8476 9.31026 3.10342 18.62052
599 200 2 0.4238 10.126750399999999 3.10342 19.197879
600 200 2 0.4238 8.4937696 3.10342 19.197879
601 201 1 -0.8476 0.0 6.20684 18.62052
602 201 2 0.4238 0.8164904 6.20684 19.197879
603 201 2 0.4238 -0.8164904 6.20684 19.197879
604 202 1 -0.8476 3.10342 6.20684 18.62052
605 202 2 0.4238 3.9199104 6.20684 19.197879
606 202 2 0.4238 2.2869295999999997 6.20684 19.197879
607 203 1 -0.8476 6.20684 6.20684 18.62052
608 203 2 0.4238 7.0233304 6.20684 19.197879
609 203 2 0.4238 5.3903495999999995 6.20684 19.197879
610 204 1 -0.8476 9.31026 6.20684 18.62052
611 204 2 0.4238 10.126750399999999 6.20684 19.197879
612 204 2 0.4238 8.4937696 6.20684 19.197879
613 205 1 -0.8476 0.0 9.31026 18.62052
614 205 2 0.4238 0.8164904 9.31026 19.197879
615 205 2 0.4238 -0.8164904 9.31026 19.197879
616 206 1 -0.8476 3.10342 9.31026 18.62052
617 206 2 0.4238 3.9199104 9.31026 19.197879
618 206 2 0.4238 2.2869295999999997 9.31026 19.197879
619 207 1 -0.8476 6.20684 9.31026 18.62052
620 207 2 0.4238 7.0233304 9.31026 19.197879
621 207 2 0.4238 5.3903495999999995 9.31026 19.197879
622 208 1 -0.8476 9.31026 9.31026 18.62052
623 208 2 0.4238 10.126750399999999 9.31026 19.197879
624 208 2 0.4238 8.4937696 9.31026 19.197879
625 209 1 -0.8476 0.0 12.41368 18.62052
626 209 2 0.4238 0.8164904 12.41368 19.197879
627 209 2 0.4238 -0.8164904 12.41368 19.197879
628 210 1 -0.8476 3.10342 12.41368 18.62052
629 210 2 0.4238 3.9199104 12.41368 19.197879
630 210 2 0.4238 2.2869295999999997 12.41368 19.197879
631 211 1 -0.8476 6.20684 12.41368 18.62052
632 211 2 0.4238 7.0233304 12.41368 19.197879
633 211 2 0.4238 5.3903495999999995 12.41368 19.197879
634 212 1 -0.8476 9.31026 12.41368 18.62052
635 212 2 0.4238 10.126750399999999 12.41368 19.197879
636 212 2 0.4238 8.4937696 12.41368 19.197879
637 213 1 -0.8476 0.0 15.5171 18.62052
638 213 2 0.4238 0.8164904 15.5171 19.197879
639 213 2 0.4238 -0.8164904 15.5171 19.197879
640 214 1 -0.8476 3.10342 15.5171 18.62052
641 214 2 0.4238 3.9199104 15.5171 19.197879
642 214 2 0.4238 2.2869295999999997 15.5171 19.197879
643 215 1 -0.8476 6.20684 15.5171 18.62052
644 215 2 0.4238 7.0233304 15.5171 19.197879
645 215 2 0.4238 5.3903495999999995 15.5171 19.197879
646 216 1 -0.8476 9.31026 15.5171 18.62052
647 216 2 0.4238 10.126750399999999 15.5171 19.197879
648 216 2 0.4238 8.4937696 15.5171 19.197879
649 217 1 -0.8476 0.0 18.62052 18.62052
650 217 2 0.4238 0.8164904 18.62052 19.197879
651 217 2 0.4238 -0.8164904 18.62052 19.197879
652 218 1 -0.8476 3.10342 18.62052 18.62052
653 218 2 0.4238 3.9199104 18.62052 19.197879
654 218 2 0.4238 2.2869295999999997 18.62052 19.197879
655 219 1 -0.8476 6.20684 18.62052 18.62052
656 219 2 0.4238 7.0233304 18.62052 19.197879
657 219 2 0.4238 5.3903495999999995 18.62052 19.197879
658 220 1 -0.8476 9.31026 18.62052 18.62052
659 220 2 0.4238 10.126750399999999 18.62052 19.197879
660 220 2 0.4238 8.4937696 18.62052 19.197879
661 221 1 -0.8476 0.0 21.72394 18.62052
662 221 2 0.4238 0.8164904 21.72394 19.197879
663 221 2 0.4238 -0.8164904 21.72394 19.197879
664 222 1 -0.8476 3.10342 21.72394 18.62052
665 222 2 0.4238 3.9199104 21.72394 19.197879
666 222 2 0.4238 2.2869295999999997 21.72394 19.197879
667 223 1 -0.8476 6.20684 21.72394 18.62052
668 223 2 0.4238 7.0233304 21.72394 19.197879
669 223 2 0.4238 5.3903495999999995 21.72394 19.197879
670 224 1 -0.8476 9.31026 21.72394 18.62052
671 224 2 0.4238 10.126750399999999 21.72394 19.197879
672 224 2 0.4238 8.4937696 21.72394 19.197879
673 225 1 -0.8476 0.0 0.0 21.72394
674 225 2 0.4238 0.8164904 0.0 22.301299
675 225 2 0.4238 -0.8164904 0.0 22.301299
676 226 1 -0.8476 3.10342 0.0 21.72394
677 226 2 0.4238 3.9199104 0.0 22.301299
678 226 2 0.4238 2.2869295999999997 0.0 22.301299
679 227 1 -0.8476 6.20684 0.0 21.72394
680 227 2 0.4238 7.0233304 0.0 22.301299
681 227 2 0.4238 5.3903495999999995 0.0 22.301299
682 228 1 -0.8476 9.31026 0.0 21.72394
683 228 2 0.4238 10.126750399999999 0.0 22.301299
684 228 2 0.4238 8.4937696 0.0 22.301299
685 229 1 -0.8476 0.0 3.10342 21.72394
686 229 2 0.4238 0.8164904 3.10342 22.301299
687 229 2 0.4238 -0.8164904 3.10342 22.301299
688 230 1 -0.8476 3.10342 3.10342 21.72394
689 230 2 0.4238 3.9199104 3.10342 22.301299
690 230 2 0.4238 2.2869295999999997 3.10342 22.301299
691 231 1 -0.8476 6.20684 3.10342 21.72394
692 231 2 0.4238 7.0233304 3.10342 22.301299
693 231 2 0.4238 5.3903495999999995 3.10342 22.301299
694 232 1 -0.8476 9.31026 3.10342 21.72394
695 232 2 0.4238 10.126750399999999 3.10342 22.301299
696 232 2 0.4238 8.4937696 3.10342 22.301299
697 233 1 -0.8476 0.0 6.20684 21.72394
698 233 2 0.4238 0.8164904 6.20684 22.301299
699 233 2 0.4238 -0.8164904 6.20684 22.301299
700 234 1 -0.8476 3.10342 6.20684 21.72394
701 234 2 0.4238 3.9199104 6.20684 22.301299
702 234 2 0.4238 2.2869295999999997 6.20684 22.301299
703 235 1 -0.8476 6.20684 6.20684 21.72394
704 235 2 0.4238 7.0233304 6.20684 22.301299
705 235 2 0.4238 5.3903495999999995 6.20684 22.301299
706 236 1 -0.8476 9.31026 6.20684 21.72394
707 236 2 0.4238 10.126750399999999 6.20684 22.301299
708 236 2 0.4238 8.4937696 6.20684 22.301299
709 237 1 -0.8476 0.0 9.31026 21.72394
710 237 2 0.4238 0.8164904 9.31026 22.301299
711 237 2 0.4238 -0.8164904 9.31026 22.301299
712 238 1 -0.8476 3.10342 9.31026 21.72394
713 238 2 0.4238 3.9199104 9.31026 22.301299
714 238 2 0.4238 2.2869295999999997 9.31026 22.301299
715 239 1 -0.8476 6.20684 9.31026 21.72394
716 239 2 0.4238 7.0233304 9.31026 22.301299
717 239 2 0.4238 5.3903495999999995 9.31026 22.301299
718 240 1 -0.8476 9.31026 9.31026 21.72394
719 240 2 0.4238 10.126750399999999 9.31026 22.301299
720 240 2 0.4238 8.4937696 9.31026 22.301299
721 241 1 -0.8476 0.0 12.41368 21.72394
722 241 2 0.4238 0.8164904 12.41368 22.301299
723 241 2 0.4238 -0.8164904 12.41368 22.301299
724 242 1 -0.8476 3.10342 12.41368 21.72394
725 242 2 0.4238 3.9199104 12.41368 22.301299
726 242 2 0.4238 2.2869295999999997 12.41368 22.301299
727 243 1 -0.8476 6.20684 12.41368 21.72394
728 243 2 0.4238 7.0233304 12.41368 22.301299
729 243 2 0.4238 5.3903495999999995 12.41368 22.301299
730 244 1 -0.8476 9.31026 12.41368 21.72394
731 244 2 0.4238 10.126750399999999 12.41368 22.301299
732 244 2 0.4238 8.4937696 12.41368 22.301299
733 245 1 -0.8476 0.0 15.5171 21.72394
734 245 2 0.4238 0.8164904 15.5171 22.301299
735 245 2 0.4238 -0.8164904 15.5171 22.301299
736 246 1 -0.8476 3.10342 15.5171 21.72394
737 246 2 0.4238 3.9199104 15.5171 22.301299
738 246 2 0.4238 2.2869295999999997 15.5171 22.301299
739 247 1 -0.8476 6.20684 15.5171 21.72394
740 247 2 0.4238 7.0233304 15.5171 22.301299
741 247 2 0.4238 5.3903495999999995 15.5171 22.301299
742 248 1 -0.8476 9.31026 15.5171 21.72394
743 248 2 0.4238 10.126750399999999 15.5171 22.301299
744 248 2 0.4238 8.4937696 15.5171 22.301299
745 249 1 -0.8476 0.0 18.62052 21.72394
746 249 2 0.4238 0.8164904 18.62052 22.301299
747 249 2 0.4238 -0.8164904 18.62052 22.301299
748 250 1 -0.8476 3.10342 18.62052 21.72394
749 250 2 0.4238 3.9199104 18.62052 22.301299
750 250 2 0.4238 2.2869295999999997 18.62052 22.301299
751 251 1 -0.8476 6.20684 18.62052 21.72394
752 251 2 0.4238 7.0233304 18.62052 22.301299
753 251 2 0.4238 5.3903495999999995 18.62052 22.301299
754 252 1 -0.8476 9.31026 18.62052 21.72394
755 252 2 0.4238 10.126750399999999 18.62052 22.301299
756 252 2 0.4238 8.4937696 18.62052 22.301299
757 253 1 -0.8476 0.0 21.72394 21.72394
758 253 2 0.4238 0.8164904 21.72394 22.301299
759 253 2 0.4238 -0.8164904 21.72394 22.301299
760 254 1 -0.8476 3.10342 21.72394 21.72394
761 254 2 0.4238 3.9199104 21.72394 22.301299
762 254 2 0.4238 2.2869295999999997 21.72394 22.301299
763 255 1 -0.8476 6.20684 21.72394 21.72394
764 255 2 0.4238 7.0233304 21.72394 22.301299
765 255 2 0.4238 5.3903495999999995 21.72394 22.301299
766 256 1 -0.8476 9.31026 21.72394 21.72394
767 256 2 0.4238 10.126750399999999 21.72394 22.301299
768 256 2 0.4238 8.4937696 21.72394 22.301299
